1 0.15 0.1203125 0.08125 0.078125
1 0.2625 0.1875 0.046875 0.05
1 0.39921875 0.16484375 0.0484375 0.0484375
1 0.46484375 0.178125 0.0515625 0.071875
1 0.875 0.19375 0.04375 0.04375
1 0.9296875 0.08359375 0.08125 0.0765625
4 0.1796875 0.32578125 0.253125 0.3015625
4 0.265625 0.36953125 0.0625 0.1140625
4 0.39140625 0.30390625 0.0765625 0.1546875
4 0.4734375 0.309375 0.090625 0.190625
4 0.67109375 0.290625 0.1015625 0.190625
4 0.9046875 0.3375 0.11875 0.325
3 0.8859375 0.765625 0.078125 0.046875
3 0.62109375 0.64609375 0.0546875 0.0265625
3 0.68984375 0.6453125 0.0328125 0.025
3 0.4640625 0.64375 0.046875 0.034375
1 0.67109375 0.13125 0.08359375 0.05234375
2 0.90546875 0.4203125 0.1546875 0.78984375
2 0.87109375 0.29765625 0.0609375 0.296875
2 0.66171875 0.38671875 0.19921875 0.596875
2 0.46953125 0.4046875 0.13515625 0.55703125
2 0.384375 0.3859375 0.12109375 0.52109375
2 0.26796875 0.43359375 0.1234375 0.565625
2 0.12890625 0.4359375 0.16875 0.75546875