4 0.8609375 0.496875 0.1578125 0.2171875
4 0.1109375 0.496875 0.15 0.24375
4 0.38984375 0.553125 0.19140625 0.2875
4 0.625 0.615625 0.17578125 0.30859375
0 0.31484375 0.75234375 0.071875 0.075
0 0.1875 0.63671875 0.05 0.0640625
0 0.484375 0.6890625 0.0421875 0.06953125
0 0.78984375 0.63203125 0.04765625 0.059375
0 0.9484375 0.61640625 0.04296875 0.05703125
3 0.92109375 0.8578125 0.06875 0.05703125
3 0.85 0.8546875 0.06640625 0.05390625
2 0.63203125 0.59765625 0.221875 0.53125
2 0.12421875 0.47578125 0.2046875 0.38984375
2 0.39296875 0.5421875 0.21875 0.5171875
2 0.86640625 0.59921875 0.215625 0.59140625