4 0.7453125 0.28203125 0.28125 0.28125
4 0.271875 0.29765625 0.2875 0.3109375
1 0.2625 0.55234375 0.1578125 0.06328125
1 0.72265625 0.56015625 0.16015625 0.0828125
4 0.73828125 0.771875 0.290625 0.27734375
4 0.23828125 0.796875 0.3046875 0.2953125
1 0.7734375 0.0484375 0.16015625 0.065625
1 0.21015625 0.05703125 0.1890625 0.071875
2 0.7609375 0.25859375 0.34375 0.48984375
2 0.253125 0.25859375 0.34140625 0.48359375
2 0.24140625 0.75625 0.3921875 0.4875
2 0.70703125 0.75859375 0.41640625 0.4828125